    1 59000.000000 59060.000000
    0
    2 59060.000000 59120.000000
    0
    3 59120.000000 59180.000000
    0
    4 59180.000000 59240.000000
    0
    5 59240.000000 59300.000000
    0
    6 59300.000000 59360.000000
    0
    7 59360.000000 59420.000000
    0
    8 59420.000000 59480.000000
    0
    9 59480.000000 59540.000000
    0
   10 59540.000000 59600.000000
    0
   11 59600.000000 59660.000000
    0
   12 59660.000000 59720.000000
    0
   13 59720.000000 59780.000000
    0
   14 59780.000000 59840.000000
    0
   15 59840.000000 59900.000000
    0
   16 59900.000000 59960.000000
    0
   17 59960.000000 60020.000000
    0
   18 60020.000000 60080.000000
    0
   19 60080.000000 60140.000000
    0
   20 60140.000000 60200.000000
    0
   21 60200.000000 60260.000000
    0
   22 60260.000000 60320.000000
    0
   23 60320.000000 60380.000000
    0
   24 60380.000000 60440.000000
    1
 2099 -885.735486 427.207841 6742.364731 -4.914083 4.889725 -0.929182 60344.036595
   25 60440.000000 60500.000000
    3
 2099 -1188.597818 730.519435 6669.088812 -4.784730 4.810465 -1.432578 60406.845102
 2098 -329.949808 521.972539 6782.575436 -4.928990 4.958543 -0.624788 60406.845102
 2097 -399.544377 696.783091 6750.892704 -6.335091 3.175984 -0.493625 60406.845102
   26 60500.000000 60560.000000
    4
 2099 -1473.489774 1017.968262 6567.651306 -4.678048 4.733041 -1.942656 60467.070263
 2098 -620.278668 819.325521 6729.865296 -4.820566 4.924761 -1.124426 60467.070263
 2097 -772.304059 881.725927 6690.389485 -6.140733 3.024529 -1.267430 60467.070263
 2096 -984.359408 -100.938817 6718.966125 -6.221705 1.721810 -1.028406 60467.070263
   27 60560.000000 60620.000000
    5
 2099 -1754.614075 1303.929949 6434.427760 -4.545815 4.643724 -2.448035 60527.983039
 2098 -911.080011 1116.057369 6645.170598 -4.728901 4.838250 -1.656197 60527.983039
 2097 -1146.123609 1064.979001 6597.945691 -6.091201 2.962443 -1.782432 60527.983039
 2096 -1385.330617 10.772234 6637.194857 -6.556702 1.834139 -1.608862 60527.983039
 2095 -481.351919 -323.689775 6779.292712 -6.703625 0.046493 -0.609298 60527.983039
   28 60620.000000 60680.000000
    6
 2099 -2026.232529 1582.412099 6271.853963 -4.410933 4.538167 -2.923541 60588.586516
 2098 -1196.518651 1406.221787 6529.845126 -4.680817 4.737131 -2.162643 60588.586516
 2097 -1512.735197 1242.448042 6474.972352 -6.003169 2.895168 -2.295033 60588.586516
 2096 -1776.336234 121.420273 6524.700340 -6.388715 1.827819 -2.112576 60588.586516
 2095 -895.424404 -322.711644 6733.745385 -6.870660 0.028709 -1.019293 60587.983039
 2094 -688.780105 505.718285 6754.623051 -6.813892 1.151419 -0.780617 60587.983039
   29 60680.000000 60740.000000
    7
 2099 -2287.090712 1852.145483 6080.783041 -4.231930 4.398266 -3.403022 60648.901737
 2098 -1474.177449 1688.034764 6385.057767 -4.538446 4.622802 -2.658344 60648.813497
 2097 -1869.956562 1412.660086 6322.431896 -5.895098 2.760127 -2.795007 60648.813497
 2096 -2156.942848 230.887553 6382.371242 -6.241067 1.821511 -2.610015 60648.813497
 2095 -1310.347033 -320.192148 6656.058220 -6.777560 0.054531 -1.530437 60648.813497
 2094 -1102.671615 576.727959 6691.744654 -6.777890 1.136004 -1.285964 60648.813497
 2093 -1206.539260 -142.402930 6701.396363 -6.795124 1.267183 -1.213285 60648.813497
   30 60740.000000 60800.000000
    8
 2099 -2535.895694 2111.883261 5862.328853 -4.042506 4.247099 -3.867904 60708.901737
 2098 -1748.608171 1965.272501 6208.089465 -4.426687 4.473013 -3.152096 60709.782471
 2097 -2222.261701 1578.335521 6137.617030 -5.705543 2.651293 -3.282864 60709.782471
 2096 -2525.853762 338.787438 6210.523544 -6.057469 1.780495 -3.107328 60708.813497
 2095 -1719.337808 -316.159851 6546.926781 -6.655750 0.084517 -2.048504 60709.670366
 2094 -1512.022844 645.233800 6597.229090 -6.666557 1.117026 -1.817319 60709.782471
 2093 -1611.922768 -66.873032 6614.527730 -6.610100 1.244722 -1.684138 60709.670366
 2092 nan nan nan nan nan nan 60709.782471
   31 60800.000000 60860.000000
    8
 2099 -2659.908549 2242.279528 5738.525273 -3.950907 4.163554 -4.113864 60739.901737
 2098 -1880.547621 2098.317294 6110.046969 -4.356233 4.390309 -3.379226 60739.782471
 2097 -2391.866863 1657.114572 6035.618335 -5.608802 2.601266 -3.527230 60739.782471
 2096 -2705.996540 392.232143 6113.547960 -5.954253 1.778379 -3.354234 60738.813497
 2095 -1918.154256 -313.552984 6481.664700 -6.601078 0.104547 -2.302786 60739.670366
 2094 -1710.844792 677.737037 6539.388475 -6.582138 1.071071 -2.060340 60739.782471
 2093 -1809.024332 -29.581514 6560.262782 -6.536842 1.238879 -1.934753 60739.670366
 2092 nan nan nan nan nan nan 60739.782471
   32 60860.000000 60920.000000
    8
 2099 -2890.046190 2486.348140 5478.483488 -3.715881 3.968231 -4.549143 60799.901737
 2098 -2137.664758 2356.799364 5892.195389 -4.193769 4.216698 -3.871670 60799.782471
 2097 -2722.171799 1808.510565 5810.232958 -5.401478 2.456736 -3.995673 60799.782471
 2096 -3059.926180 498.709695 5895.255406 -5.717198 1.740767 -3.848714 60799.462821
 2095 -2312.936889 -307.396608 6326.854657 -6.438869 0.120936 -2.804116 60800.330972
 2094 -2106.103237 741.071745 6399.805509 -6.437869 1.019808 -2.550092 60800.330972
 2093 -2201.211818 46.063621 6427.775319 -6.383235 1.237102 -2.439323 60800.330972
 2092 nan nan nan nan nan nan 60800.330972
   33 60920.000000 60980.000000
    8
 2099 -3106.301335 2718.468871 5191.950914 -3.482199 3.765658 -4.990574 60859.901737
 2098 -2384.626567 2604.002477 5646.301929 -4.027240 4.016027 -4.332578 60859.782471
 2097 -3039.348102 1951.169258 5556.606295 -5.162756 2.296421 -4.449396 60859.782471
 2096 -3400.588563 603.276734 5646.261769 -5.437381 1.682113 -4.313438 60860.462821
 2095 -2692.536620 -299.720992 6143.980694 -6.227914 0.153159 -3.292077 60860.330972
 2094 -2484.720135 799.879060 6233.532918 -6.273510 0.965126 -3.035286 60859.782471
 2093 -2579.107096 120.738678 6267.298148 -6.208782 1.244249 -2.908060 60860.330972
 2092 nan nan nan nan nan nan 60860.330972
   34 60980.000000 61040.000000
    8
 2099 -3307.381479 2937.234213 4879.844335 -3.252778 3.540961 -5.427641 60919.901737
 2098 -2619.884506 2838.632203 5373.024573 -3.819884 3.806921 -4.774127 60919.782471
 2097 -3346.253340 2086.303575 5270.842200 -4.899432 2.127186 -4.917677 60920.729943
 2096 -3718.777965 703.162005 5373.124903 -5.157062 1.642665 -4.784444 60920.462821
 2095 -3055.445045 -290.850311 5934.342672 -5.999452 0.166211 -3.782112 60919.670366
 2094 -2858.837333 855.983442 6034.814500 -6.057281 0.885899 -3.507521 60920.384400
 2093 -2935.971218 192.873025 6082.942730 -6.003348 1.236141 -3.378351 60918.813497
 2092 nan nan nan nan nan nan 60920.330972
   35 61040.000000 61100.000000
    8
 2099 -3494.529739 3144.393787 4537.543646 -2.917318 3.253854 -5.820604 60980.901737
 2098 -2844.451988 3061.211029 5069.802749 -3.591487 3.550882 -5.232086 60980.389839
 2097 -3631.409625 2208.707339 4962.851637 -4.629182 1.958148 -5.381937 60980.729943
 2096 -4018.024796 799.385462 5072.977176 -4.800933 1.556151 -5.203307 60980.462821
 2095 -3415.590976 -280.210304 5688.465875 -5.729189 0.184809 -4.244984 60981.040022
 2094 -3215.874714 907.640495 5809.399083 -5.837011 0.828636 -3.999987 60980.384400
 2093 -3288.597138 266.073078 5865.921228 -5.761564 1.217211 -3.848773 60978.813497
 2092 nan nan nan nan nan nan 60980.330972
   36 61100.000000 61160.000000
    8
 2099 -3660.689708 3331.910596 4177.319929 -2.643505 2.977897 -6.192930 61040.901737
 2098 -3055.558960 3269.325158 4738.376747 -3.328579 3.269445 -5.640674 61041.389839
 2097 -3897.453429 2319.569132 4629.890250 -4.206903 1.716536 -5.671427 61040.729943
 2096 -4296.827532 891.725464 4746.174569 -4.487825 1.521467 -5.685981 61040.462821
 2095 -3750.816996 -268.368003 5419.730085 -5.432068 0.208936 -4.702557 61041.040022
 2094 -3562.941343 955.592827 5552.052123 -5.535126 0.741853 -4.437403 61041.384400
 2093 -3629.045380 338.690421 5618.724765 -5.495340 1.192429 -4.309901 61039.408421
 2092 nan nan nan nan nan nan 61039.782471
   37 61160.000000 61220.000000
    6
 2098 -3247.251724 3456.953878 4387.592867 -3.050784 2.976450 -6.035708 61101.389839
 2097 -4147.590415 2420.093105 4265.411648 -3.927863 1.545716 -6.191554 61101.729943
 2095 -4067.348468 -255.224368 5123.866216 -5.112672 0.228905 -5.156973 61101.040022
 2094 -3887.258249 998.178094 5271.478974 -5.234493 0.665504 -4.883434 61101.412067
 2093 -3958.887153 411.163990 5337.412605 -5.166223 1.144312 -4.763071 61101.412067
 2092 nan nan nan nan nan nan 61099.782471
   38 61220.000000 61280.000000
    4
 2095 -4367.747975 -240.490301 4796.289864 -4.738673 0.256473 -5.593013 61162.040022
 2094 -4192.213598 1035.805728 4965.048423 -4.905597 0.575800 -5.314174 61161.412067
 2093 -4263.090281 480.535692 5034.172843 -4.806752 1.119256 -5.179438 61162.348343
 2092 nan nan nan nan nan nan 61161.412067
   39 61280.000000 61340.000000
    4
 2095 -4643.306366 -224.519623 4444.298894 -4.351420 0.274941 -6.021948 61222.769893
 2094 -4482.113948 1068.906933 4626.009691 -4.538917 0.503439 -5.726731 61222.769893
 2093 -4543.369816 546.765812 4707.817110 -4.449436 1.071219 -5.597073 61222.769893
 2092 nan nan nan nan nan nan 61222.769893
   40 61340.000000 61400.000000
    3
 2094 -4744.354892 1095.884186 4267.188266 -4.125592 0.406444 -6.123013 61283.270672
 2093 -4800.873892 610.361774 4356.341154 -4.050374 1.022241 -6.000628 61283.348343
 2092 nan nan nan nan nan nan 61283.270672
   41 61400.000000 61460.000000
    2
 2093 -5030.836816 670.208341 3985.509701 -3.620335 0.968742 -6.360484 61343.366895
 2092 nan nan nan nan nan nan 61343.639435
   42 61460.000000 61520.000000
    1
 2092 nan nan nan nan nan nan 61404.168688
   43 61520.000000 61580.000000
    1
 2092 nan nan nan nan nan nan 61439.782471
   44 61580.000000 61640.000000
    1
 2092 nan nan nan nan nan nan 61439.782471
   45 61640.000000 61700.000000
    1
 2092 nan nan nan nan nan nan 61439.782471
   46 61700.000000 61760.000000
    1
 2092 nan nan nan nan nan nan 61439.782471
   47 61760.000000 61820.000000
    0
   48 61820.000000 61880.000000
    0
   49 61880.000000 61940.000000
    0
   50 61940.000000 62000.000000
    0
