  685                      # POINTS THIS DATABASE
  21.8333  -84.8333
  22.5000  -81.5833
  20.3333  -77.0833
  20.0833  -77.4167
  20.0833  -74.1667
  21.5000  -77.0000
  23.0000  -81.0000
  22.3333  -84.3333
  21.8333  -84.8333
   0.0       0.0
  18.3333  -74.5000        HAITI/DOMINICAN REP. (M=7)
  18.1667  -73.1667
  17.5833  -71.4167
  18.5000  -68.3333
  19.6667  -69.9167
  19.6667  -73.5000
  19.0000  -72.7500
  18.3333  -74.5000
   0.0       0.0
   6.1667  -77.5000        SOUTH AMERICA (M=34)
   2.1667  -78.6667
   0.0     -80.0833
  -5.1667  -81.1667
  -6.8333  -80.0000
 -13.6667  -76.1667
 -18.2500  -70.3333
 -24.0000  -70.5000
 -28.0000  -71.1667
 -34.0000  -71.8333
 -40.0000  -73.6667
 -43.4167  -73.0000
 -46.5833  -75.5000
 -52.1667  -74.1667
 -53.6667  -72.0000
 -52.2500  -69.5000
 -52.3333  -68.3333
 -48.3333  -66.3333
 -47.1667  -66.5000
 -45.5000  -67.1667
 -45.0000  -65.5833
 -41.0000  -65.1667
 -39.5000  -62.0000
 -38.4167  -58.1667
 -36.2500  -57.1667
 -34.0000  -58.3333
 -34.7500  -54.5000
 -28.6667  -49.0000
 -25.4167  -48.1667
 -22.9167  -42.0000
 -17.6667  -39.1667
 -14.0000  -39.0000
  -7.0000  -34.8333
  -5.0833  -36.0000
  -3.0000  -40.0000
  -0.5000  -48.0000
   5.0000  -50.0000
   7.0000  -53.0000
  10.0000  -63.0000
  12.0000  -72.0000
   8.3333  -77.1667
   9.4167  -78.6667
   8.7500  -81.4167
  10.4167  -83.4167
  15.1667  -83.4167
  15.5833  -88.1667
  17.0000  -88.2500
  21.5000  -87.0833        MEXICO
  21.0000  -90.3333
  19.0833  -91.0000
  18.1667  -94.5000
  21.2500  -97.4167
  24.3333  -97.7500
  27.6667  -97.3333        GULF AND E. COAST OF U.S.
  29.8333  -93.2500
  29.1667  -89.0833
  30.5000  -89.1667
  30.2500  -86.0000
  29.7500  -84.8333
  30.0833  -83.9167
  28.5833  -82.6667
  27.4167  -82.5833
  25.0833  -81.0833
  25.8333  -80.1667
  26.4167  -80.0833
  30.0000  -81.3333
  31.5000  -81.2500
  35.5833  -75.8333
  36.8333  -76.0000
  39.8333  -74.1667
  41.4167  -71.5000
  41.5000  -70.6667
  43.5000  -70.2500
  45.1667  -67.0000
  45.4167  -64.2500        E. AND N. COAST OF CANADA
  44.1667  -66.1667
  43.5000  -65.5000
  44.5000  -63.6667
  45.1667  -61.1667
  49.0833  -64.5833
  48.8333  -67.4167
  47.8333  -70.0000
  49.7500  -67.1667
  50.1667  -60.0000
  52.0833  -55.6667
  55.1667  -59.2500
  55.2500  -60.3333
  57.0833  -61.3333
  60.3333  -64.6667
  58.7500  -66.4167
  59.2500  -69.5000
  60.9167  -69.5000
  62.4167  -73.6667
  62.2500  -78.0833
  59.0833  -78.5833
  56.0000  -76.7500
  54.5833  -79.5000
  52.1667  -78.4167
  51.3333  -80.4167
  52.5000  -81.6667
  55.0000  -82.1667
  57.2500  -92.3333
  60.1667  -94.6667
  66.5833  -85.5000
  67.0000  -81.4167
  69.2000  -81.3333
  69.3333  -85.5000
  67.2500  -87.2500
  68.7500  -88.0000
  71.4167  -93.5000
  71.5000  -95.8333
  68.0000  -95.1667
  68.9000 -105.6667
  67.6667 -113.0000
  68.1667 -115.0833
  69.4167 -125.3333
  70.0833 -126.6667
  69.0000 -137.3333
  71.3333 -156.3333
  68.3333 -166.1667
  66.4167 -161.7500
  65.5833 -167.8333
  64.6667 -166.3333
  64.4167 -161.2500
  63.5000 -161.0000
  61.5000 -166.0000
  59.1667 -161.9167
  58.7500 -157.4167
  54.5833 -164.9167
  56.6667 -157.6667
  58.9167 -153.3333
  59.6667 -153.0833
  60.7500 -151.3333
  59.1667 -151.9167
  61.0000 -148.3333
  59.1667 -138.6667
  50.8333 -127.0000       W. COAST OF CANADA AND U.S.
  48.4167 -124.6667
  45.4167 -123.8333
  40.5000 -124.3333
  34.5833 -120.5833
  33.0000 -117.2500
  30.3333 -116.0000
  28.0000 -114.0000
  27.5000 -114.5000
  25.6667 -112.0833
  22.8333 -110.0000
  23.3333 -109.4167
  24.2500 -110.5833
  26.5000 -111.5000
  29.8333 -114.4167
  31.0000 -114.7500
  31.1667 -113.0833        E. COAST OF MEXICO AND C.A.
  29.0000 -112.6667
  25.5000 -109.0000
  23.1667 -106.4167
  20.5833 -105.3333
  17.0833 -105.3333
  17.0833 -100.5000
  16.1667  -95.1667
  14.6667  -92.3333
  13.4167  -87.6667
  11.1667  -85.7500
  10.3333  -85.8333
   7.1667  -80.9167
   9.0000  -79.5000
   8.3333  -78.1667
   0.0       0.0
  46.6667  -92.0833       LAKE SUPERIOR (M=8)
  46.5000  -90.5000
  47.4167  -88.2500
  46.4167  -87.3333
  46.4167  -86.6667
  46.5000  -84.5000
  48.2500  -86.1667
  47.3333  -91.0000
  46.6667  -92.0833
   0.        0.
  44.5833  -88.0000        LAKES MICHIGAN & HURON (M=15)
  42.7500  -87.8333
  41.6667  -87.5000
  41.8333  -86.6667
  42.7500  -86.2500
  44.5000  -86.2500
  45.5000  -84.0833
  45.0000  -83.3333
  43.0833  -82.4167
  44.4167  -81.5000
  45.1667  -81.5000
  44.5000  -80.0833
  45.4167  -80.2500
  46.2500  -83.6667
  45.4167  -87.3333
  44.5833  -88.0000
   0.        0.
  41.7500  -83.5000        LAKE ERIE (M=5)
  41.5000  -82.2500
  41.8333  -81.0833
  42.8333  -78.8333
  42.5000  -81.8333
  41.7500  -83.5000
   0.        0.
  43.2500  -79.7500        LAKE ONTARIO (M=5)
  43.1667  -79.2500
  43.2500  -77.4167
  44.3333  -76.0833
  43.6667  -79.4167
  43.2500  -79.7500
   0.        0.
  47.9167  -59.3333        NEWFOUNDLAND ISLAND (M=10)
  47.5000  -59.1667
  47.5000  -55.4167
  46.9167  -55.9167
  47.4167  -54.4167
  46.6667  -53.0833
  47.5833  -53.2500
  49.2500  -53.5000
  50.2500  -56.5000
  51.3333  -56.6667
  48.5000  -58.4167
   0.        0.
  78.1667  -73.0000        GREENLAND (M=16)
  77.3500  -68.4167
  77.0167  -71.1667
  75.9167  -66.5833
  75.8167  -60.0000
  68.5833  -51.0000
  63.5833  -51.2500
  60.0000  -43.2500
  67.5000  -33.0000
  71.0000  -21.7500
  72.5000  -24.5833
  74.6667  -18.8333
  76.3000  -21.5000
  81.3167  -11.6667
  83.5833  -31.5000
  82.0833  -59.3333
  78.1667  -73.0000
   0.        0.
  65.5000  -24.3333        ICELAND (M=7)
  64.7500  -24.0000
  63.4167  -18.7500
  64.9167  -13.6667
  68.3333  -14.7500
  65.5833  -20.3333
  66.4167  -23.0000
  65.5000  -24.3333
   0.        0.
  50.0833   -5.5833        ENGLAND (M=9)
  50.7500   -1.4167
  52.4167    1.8333
  56.2500   -2.8333
  57.0000   -2.0833
  58.3333   -3.0000
  58.5000   -5.0000
  56.3333   -6.0000
  53.3333   -3.0000
  50.0833   -5.5833
   0.        0.
  52.1667  -10.3333        IRELAND (M=4)
  52.1667   -6.3333
  55.0833   -6.0833
  54.2500   -9.7500
  52.1667  -10.3333
   0.        0.
   0.        9.3333        AFRICA
  -1.3333    9.0000
  -5.3333   12.1667
 -11.8333   13.8333
 -17.9167   11.8333
 -25.9167   14.9167
 -30.0000   17.1667
 -34.0833   18.7500
 -34.5000   20.5000
 -34.0000   25.0833
 -33.3333   27.5000
 -30.0000   30.9167
 -24.9167   34.4167
 -24.5000   35.2500
 -20.0000   34.7500
 -16.3333   39.7500
 -14.6667   40.7500
  -8.8333   39.4167
  -5.0833   39.0833
   0.       42.9167
   2.5833   46.1667
   5.0833   48.1667
   9.4167   50.7500
  11.7500   51.1667
  10.3333   44.7500
  12.8333   42.8333
  16.0000   39.0000
  18.6667   37.5833
  22.0833   36.9167
  24.8333   35.0000
  29.0000   32.6667
  30.0000   32.5833
  27.7500   34.1667        SAUDI ARABIA
  27.7500   34.1667        SAUDI ARABIA
  28.3333   34.4167
  29.5000   35.0000
  28.0000   35.1667
  23.2500   38.7500
  17.0000   42.4167
  13.2500   43.1667
  12.8333   44.9167
  15.0833   50.7500
  16.9167   54.8333
  18.9167   57.5000
  21.9167   59.5833
  24.3333   56.8333
  26.0833   56.5000
  24.9167   55.0000
  24.0000   51.8333
  26.2500   50.2500
  28.2500   48.5833
  29.5833   48.3333
  30.1667   50.0000
  27.8333   51.5000        INDIA
  26.6667   54.3333
  27.0000   56.2500
  27.0000   56.7500
  25.7500   57.3333
  25.3333   60.1667
  25.3333   66.5833
  20.7500   71.1667
  22.1667   72.5833
  17.0000   73.2500
  12.4167   75.0000
   8.2500   77.1667
   9.1667   78.5833
  10.2500   79.8333
  11.7500   79.7500
  12.1667   80.0000
  15.0000   80.0833
  19.3333   85.0833
  21.0833   86.9167
  21.8333   90.2500
  22.7500   91.4167
  17.1667   94.5833
  15.8333   94.7500
  15.7500   95.5000
  16.5833   96.7500
  11.4167   98.7500
   8.5000   98.2500
   5.0833  100.4167
   2.8333  101.4167
   1.4167  104.2500
   5.7500  102.6667
  10.2500   99.1667
  13.3333  100.0000
  10.0833  105.0000
   8.6667  105.0000
  11.1667  108.5000
  12.1667  109.1667
  15.3333  108.8333
  19.0000  105.5833
  21.5000  108.0000
  21.4167  109.4167
  20.3333  110.2500        CHINA
  22.6667  115.0000
  24.2500  118.1667
  30.0000  122.0833
  34.8333  119.1667
  37.3333  122.5833
  38.5833  117.5833
  40.5833  120.8333
  38.7500  121.1667
  39.4167  125.4167
  34.3333  126.5833
  35.1667  129.0833
  39.8333  127.3333
  41.3333  129.6667
  43.1667  134.3333
  48.0000  139.5000        RUSSIA
  53.2500  141.3333
  54.9167  135.1667
  59.3333  143.6667
  58.8333  152.0000
  61.5833  156.9167
  61.2500  161.6667
  62.5000  164.7500
  60.6667  162.6667
  59.2500  160.0833
  55.8333  155.5000
  51.2500  157.3333
  56.1667  163.2500
  59.4167  163.1667
  60.5833  168.2500
  59.9167  170.3333
  62.6667  179.6667
  64.6667  178.6667
   0.0       0.0
  66.0000 -179.9167
  64.2500 -173.0000
  66.0833 -169.8333
  67.0833 -174.5000
  68.4167 -178.1667
   0.0       0.0
  69.4167  178.6667
  69.5833  168.2500
  69.5833  160.6667
  70.6667  159.6667
  71.6667  150.0000
  72.8333  140.6667
  71.5000  132.2500
  73.3333  122.8333
  73.6667  114.8333
  76.5000  112.4167
  76.7500  108.1667
  77.7500  104.8333
  75.0000   87.5000
  73.5000   80.3333
  73.3333   70.0833
  70.8333   66.8333
  70.0833   60.1667
  68.7500   53.0000
  67.6667   48.1667
  68.2500   44.1667
  66.3333   43.1667
  68.9167   37.0000
  69.7500   31.2500
  71.1667   25.6667        EUROPE
  70.0833   20.1667
  67.4167   14.6667
  64.9167   11.3333
  61.8333    4.9167
  60.3333    5.0833
  58.5833    5.5833
  59.3333   10.5833
  55.4167   13.0000
  56.1667   15.9167
  60.1667   18.5833
  61.7500   17.3333
  65.7500   23.8333
  65.0000   25.3333
  62.5000   21.1667
  60.1667   22.5833
  55.1667   20.7500
  54.1667   15.1667
  54.2500   10.9167
  57.2500   10.5000
  57.0833    8.6667
  54.3333    8.6667
  52.4167    5.0833
  50.0833    1.5000
  49.2500    0.2500
  48.5000   -4.7500
  46.7500   -2.0000
  43.3333   -2.1667
  43.5000   -5.0833
  43.2500   -8.9167
  37.0833   -8.9167
  37.2500   -7.0000
  36.0833   -5.5000
  36.7500   -3.9167
  36.7500   -2.1667
  38.4167   -0.3333
  39.9167    0.2500
  41.9167    3.1667
  43.5000    4.0000
  44.0833    9.5000
  42.6667   10.9167
  40.0000   15.6667
  37.9167   16.0000
  39.0000   17.0000
  39.6667   16.5000
  40.3333   17.3333
  39.8333   18.2500
  40.1667   18.4167
  41.5000   15.8333
  42.0833   14.6667
  44.2500   12.2500
  45.6667   13.5833
  41.3333   19.4167
  40.0000   19.7500
  38.0000   22.9167
  38.1667   24.0000
  40.1667   23.0833
  40.1667   23.5833
  40.9167   25.1667
  40.3333   26.5833
  40.0000   26.1667        TURKEY
  37.3333   27.5000
  36.4167   30.5000
  36.7500   31.2500
  36.1667   33.1667
  36.5833   35.1667
  34.5000   35.8333
  31.1667   34.0000        ***** 500
  31.0000   32.6667
  31.4167   31.8333
  31.1667   30.0000
  31.5000   25.1667        AFRICA
  32.5833   20.6667
  30.2500   19.1667
  31.5000   15.5833
  32.4167   14.7500
  33.5833   10.5000
  36.9167   11.0000
  36.6667    5.3333
  35.9167    0.5000
  35.5000   -5.1667
  34.8333   -6.3333
  32.1667   -9.2500
  30.3333   -9.5833
  27.5000  -13.2500
  21.5833  -16.9167
  15.0000  -17.0000
  12.0833  -16.3333
  10.0000  -14.0000
   4.9167   -8.9167
   4.5833   -6.9167
   5.0000   -1.5833
   5.9167    5.0000
   4.2500    6.0000
   3.5000    9.5833
   0.0       9.3333
   0.0       0.0
  42.5000   27.5000        BLACK SEA (M=8)
  42.5000   27.5000
  42.0000   35.0000
  41.0833   40.5000
  42.0000   41.6667
  45.0000   36.0833
  44.5833   33.4167
  46.5833   31.4167
  45.6667   29.5833
  42.5000   27.5000
   0.0       0.0
  40.4167   50.2500        CASPIAN SEA (M=7)
  38.0833   48.9167
  36.8333   53.9167
  42.0000   53.0000
  44.3333   50.1667
  45.2500   53.6667
  47.1667   52.5833
  44.7500   46.6667
   0.0       0.0
 -21.9167   43.2500        MADAGASCAR (M=10)
 -24.5000   43.7500
 -25.5000   45.5000
 -23.7500   47.5000
 -19.0833   49.0000
 -15.9167   50.0833
 -12.0000   49.2500
 -14.3333   47.5833
 -15.9167   45.4167
 -17.4167   43.9167
 -21.9167   43.2500
   0.0       0.0
 -39.3333  173.7500        NEW ZEALAND (M=12)
 -40.3333  175.2500
 -41.5833  175.2500
 -38.1667  178.3333
 -37.0000  175.2500
 -35.3333  173.1667
 -38.4167  174.6667
 -39.3333  173.7500
   0.0       0.0
 -45.9167  166.6000
 -46.6667  169.0000
 -42.1667  174.0000
 -40.6667  172.5833
 -43.0000  170.5000
 -45.9167  166.5000
   0.0       0.0
 -34.1667  115.1667        AUSTRALIA (M=28)
 -35.0000  117.7500
 -33.9167  120.0833
 -31.8333  128.5833
 -32.1667  133.4167
 -34.1667  135.2500
 -34.2500  138.0833
 -38.0833  141.1667
 -38.4167  145.0000
 -39.1667  146.4167
 -37.5833  149.9167
 -30.5833  153.0833
 -25.5000  152.8333
 -19.0000  146.4167
 -14.3333  144.5833
 -11.2500  142.0833
 -17.0000  141.0000
 -17.4167  139.4167
 -15.0000  135.5833
 -12.0833  136.5000
 -11.4167  132.3333
 -14.9167  129.0833
 -14.0000  127.4167
 -17.0000  122.5833
 -19.8333  120.3333
 -21.8333  114.0833
 -26.1667  113.3333
 -32.3333  115.8333
 -34.1667  115.1667
   0.0       0.0
   5.6667   95.3333        SUMATRA (M=5)
   1.0000   99.0833
  -5.5833  104.4167
  -3.5000  105.9167
   0.5833  103.0000
   4.5000   98.2500
   5.6667   95.3333
   0.0       0.0
   1.0000  108.9167        BORNEO (M=10)
  -2.9167  110.3333
  -3.6667  115.6667
   0.0     117.5000
   1.2500  118.6667
   3.2500  117.5000
   5.1667  119.2500
   6.5833  116.6667
   4.0833  113.7500
   2.2500  111.3333
   1.0000  108.9167
   0.0       0.0
  -1.3333  130.8333       NEW GUINA (M=16)
  -4.0000  132.8333
  -4.8333  136.7500
  -7.3333  138.2500
  -8.3333  138.2500
  -9.0833  141.5000
  -8.1667  143.5833
 -10.5833  150.5833
  -6.8333  147.0000
  -6.6666  147.8333
  -3.6667  1144.0000
  -1.6667  137.2500
  -3.3333  135.1667
  -1.3333  134.1667
  -0.3333  132.1667
  -1.3333  130.8333
   0.0       0.0
   7.1667  122.0000        MINDANAO (M=5)
   5.5833  125.4167
   7.2500  126.5833
   9.0833  125.5000
   8.6667  123.5000
   7.1667  122.0000
   0.0       0.0
  33.2500  129.5000        JAPAN (M=19)
  31.2500  130.1667
  33.2500  129.5000
   0.0       0.0
  34.3333  130.9167
  33.4167  135.7500
  35.2500  139.5833
  35.1667  140.3333
  39.0833  141.8333
  41.1667  141.0833
  38.0833  139.3333
  37.5000  137.1667
  35.7500  135.2500
  35.0833  132.3333
  34.3333  130.9167
   0.0       0.0
  42.5833  139.8333
  42.2500  140.2500
  42.0000  143.2500
  42.1967  144.7500
  44.0000  144.1667
  45.2500  141.5000
  43.1667  141.2500
  42.5833  139.8333
   0.0       0.0
 TeliTRAK (v1.00)    - Satellite Tracking Program          10/30/86    10:25:55  





                          1 - Generate Plot                   
                          2 -                                 
                          3 -                                 
                          4 -                                 
                          5 - Satellite File Maintenance      
                          6 - Sensor File Maintenance         
                          7 - Parameter Maintenance           
                          8 -                                 
                          9 - Perform DOS Functions           
                         99 -> Quit


                              Enter Choice: 
